A = [4 10 1 6 2
   8 1.2 9 4 25
   7.2 5 7 1 11
   0 0.5 4 5 56
   23 83 13 0 10]